"","READM_30_AMI_score","READM_30_CABG_score","READM_30_COPD_score","READM_30_HF_score","READM_30_HIP_KNEE_score","READM_30_HOSP_WIDE_score","READM_30_PN_score","READM_30_STK_score"
"READM_30_AMI_score",1,0.37,0.3,0.39,0.22,0.46,0.36,0.16
"READM_30_CABG_score",0.37,1,0.1,0.25,0.11,0.29,0.17,0.11
"READM_30_COPD_score",0.3,0.1,1,0.36,0.13,0.49,0.37,0.15
"READM_30_HF_score",0.39,0.25,0.36,1,0.15,0.58,0.43,0.2
"READM_30_HIP_KNEE_score",0.22,0.11,0.13,0.15,1,0.32,0.18,0.08
"READM_30_HOSP_WIDE_score",0.46,0.29,0.49,0.58,0.32,1,0.58,0.26
"READM_30_PN_score",0.36,0.17,0.37,0.43,0.18,0.58,1,0.21
"READM_30_STK_score",0.16,0.11,0.15,0.2,0.08,0.26,0.21,1
